0,0,0,30.0,2019,0,1,0,1,1004,6,26,0
1,1,0,12.0,2019,1,1,0,0,354,7,5,0
2,2,1,10.0,2018,0,0,0,0,400,13,24,0
3,3,0,12.0,2019,1,0,0,0,340,17,24,1
4,4,0,12.0,2018,1,0,0,0,252,13,46,0
5,1,0,12.0,2018,1,1,0,0,454,14,43,0
6,5,2,12.0,2019,0,1,0,0,200,17,1,0
7,4,0,12.0,2019,1,0,0,1,150,12,37,0
8,6,1,8.0,2018,0,1,0,0,120,12,40,0
9,7,0,12.0,2017,0,0,0,0,400,13,28,0
10,7,0,12.0,2017,0,0,0,0,400,19,14,0
11,8,3,12.0,2018,1,0,0,0,400,3,31,0
12,8,0,12.0,2017,1,0,0,0,234,15,13,0
13,8,4,8.0,2018,1,0,0,0,345,18,49,0
14,9,3,12.0,2019,0,0,0,0,300,2,48,0
15,10,3,13.0,2019,1,0,0,0,400,7,24,0
16,11,2,12.0,2017,1,0,1,0,456,1,34,0
17,12,5,20.0,2016,2,1,1,0,300,7,27,0
18,12,5,20.0,2019,2,1,1,0,300,0,39,0
19,12,5,20.0,2019,2,1,1,0,300,9,49,0
20,12,5,20.0,2020,2,1,1,0,300,12,43,0
21,12,5,20.0,2019,2,1,1,0,300,10,0,0
22,12,5,20.0,2015,2,1,1,0,300,0,42,0
23,13,0,20.0,2011,3,0,1,1,234,3,21,0
24,14,0,21.0,2017,4,1,0,0,454,1,18,0
25,12,5,20.0,2014,2,1,1,0,300,17,23,0
26,15,0,14.0,2016,5,1,0,1,563,11,30,0
27,16,0,16.0,2017,6,0,0,1,800,10,28,0
28,17,0,12.0,2016,6,0,0,0,300,9,11,1
29,18,0,16.5,2016,6,0,0,1,160,11,3,1
30,15,0,17.0,2016,5,1,0,1,700,10,10,0
31,15,0,11.0,2014,5,1,0,1,356,11,21,0
32,17,0,13.0,2016,6,0,0,0,300,5,9,1
33,19,0,14.0,2016,0,0,0,0,234,1,33,1
34,20,0,14.0,2016,6,0,0,1,355,6,17,0
35,21,0,13.0,2020,7,0,0,0,500,18,29,0
36,22,0,20.0,2017,3,1,1,1,300,4,24,0
37,23,0,13.0,2017,8,0,0,0,250,3,1,0
38,22,0,20.0,2018,3,1,1,1,300,19,37,0
39,16,0,14.0,2018,6,0,0,0,200,8,17,0
40,23,0,13.0,2019,8,0,0,0,200,13,8,0
41,24,0,16.0,2019,9,0,0,1,500,8,31,0
42,25,0,20.0,2020,0,0,0,1,500,19,2,0
43,26,0,22.0,2020,9,0,0,1,640,18,11,0
44,14,0,18.0,2020,4,1,0,0,700,5,8,0
45,27,0,20.0,2020,3,1,1,1,300,0,30,0
46,28,3,14.0,2014,4,1,0,0,540,16,48,0
47,29,3,12.0,2014,6,0,0,0,123,10,32,0
48,30,3,17.0,2018,8,0,0,1,563,1,1,0
49,31,3,10.0,2019,6,0,0,0,567,13,17,1
50,30,3,18.0,2020,8,0,0,1,327,8,30,0
51,32,1,10.0,2013,4,1,0,0,432,14,9,1
52,33,1,9.5,2014,6,0,0,0,323,0,19,0
53,34,1,9.5,2013,0,0,0,0,434,14,18,0
54,35,1,13.0,2020,3,1,0,0,231,10,25,0
55,36,6,10.0,2020,10,1,0,0,453,19,34,0
56,37,6,15.0,2018,10,0,0,0,200,14,20,0
57,38,7,18.0,2020,11,1,0,0,472,15,33,0
58,38,7,10.0,2019,10,0,0,0,300,18,28,0
59,39,6,15.0,2020,10,0,0,1,483,17,20,0
60,40,0,10.0,2020,10,0,0,0,354,3,15,0
61,41,7,10.0,2013,10,0,0,1,653,11,28,0
62,36,6,10.0,2019,10,0,0,0,335,19,41,0
63,42,6,15.0,2020,12,0,0,0,400,5,5,0
64,43,8,13.0,2014,8,0,0,0,635,19,1,0
65,44,7,17.0,2020,3,0,0,0,157,13,6,0
66,45,9,20.0,2019,7,0,0,0,400,2,13,1
67,45,9,20.0,2019,7,0,0,0,400,9,33,0
68,12,5,20.0,2018,2,1,1,0,300,5,22,0
69,31,4,4.9,2018,6,0,0,0,452,3,7,1
70,46,10,18.0,2019,4,1,0,1,500,4,33,0
71,47,2,16.0,2019,4,1,0,1,354,18,30,0
72,48,2,50.0,2020,13,0,1,1,1000,12,41,1
73,49,11,17.5,2020,5,1,0,0,345,15,11,0
74,50,12,10.0,2018,13,0,1,1,200,14,11,0
75,51,13,16.0,2020,6,0,0,0,451,14,38,0
76,51,13,16.0,2019,6,0,0,0,453,15,34,0
77,52,13,20.0,2019,6,0,0,1,500,4,29,0
78,53,14,14.0,2013,6,0,0,0,220,10,34,1
79,54,15,15.0,2014,9,0,0,0,400,10,46,1
80,48,2,11.0,2012,13,0,1,1,400,8,21,0
81,48,2,13.5,2013,13,0,1,1,700,9,35,0
82,48,2,14.0,2017,14,0,1,0,210,4,26,0
83,47,2,16.0,2017,4,1,0,1,600,2,0,0
84,47,2,16.0,2018,4,1,0,1,500,15,43,0
85,55,16,19.0,2018,4,1,0,0,430,17,15,0
86,56,17,16.0,2019,4,1,0,0,400,7,42,0
87,57,18,15.5,2020,3,0,1,0,246,6,14,0
88,58,19,9.2,2014,3,0,1,1,200,13,11,0
89,58,19,25.0,2016,3,0,1,1,402,0,46,1
90,58,19,10.5,2020,14,0,1,1,245,16,39,0
91,59,20,9.0,2020,14,0,1,0,37,16,28,0
92,60,21,10.0,2020,14,0,1,0,104,9,3,0
93,61,22,8.0,2020,15,0,1,1,100,14,46,0
94,62,22,7.0,2010,15,0,1,1,100,2,47,0
95,61,22,8.0,2020,15,0,1,1,100,15,24,0
96,62,22,7.0,2010,15,0,1,1,100,17,27,0
97,62,22,7.0,2010,15,0,1,1,100,6,41,0
98,61,22,8.0,2020,15,0,1,1,100,11,6,1
99,63,23,10.0,2020,14,0,1,0,43,17,29,0
100,12,24,25.0,2019,4,1,1,0,343,13,4,0
101,64,24,30.0,2019,3,0,1,0,204,5,2,0
102,65,24,30.0,2020,3,0,1,0,205,3,9,0
103,66,24,30.0,2020,3,0,1,0,303,5,38,0
104,45,9,20.0,2013,7,0,0,0,200,11,17,0
105,45,9,20.0,2019,7,0,0,0,1000,19,14,0
106,67,25,13.0,2017,3,0,1,1,165,14,14,0
107,68,0,18.0,2017,6,0,0,0,387,3,10,0
108,67,25,13.0,2008,3,0,1,1,200,18,46,0
109,69,4,5.0,2018,1,0,1,0,800,10,20,0
110,70,26,5.0,2020,15,0,1,1,100,10,8,0
111,70,26,5.0,2020,15,0,1,1,100,10,15,1
112,70,26,5.0,2020,15,0,1,1,100,3,34,0
113,71,27,25.5,2017,15,1,1,0,300,8,28,0
114,50,12,11.0,2018,13,0,1,1,264,16,11,0
115,50,12,12.0,2018,13,0,1,1,300,2,32,0
116,50,12,15.0,2018,13,0,1,1,500,15,18,0
117,50,12,16.0,2018,13,0,1,1,600,0,11,0
118,50,12,14.0,2018,13,0,1,1,600,18,29,0
119,50,12,15.0,2018,13,0,1,1,600,17,32,0
120,72,28,17.0,2020,14,0,1,0,245,10,15,0
