,ISBN
0,9781245562344
1,9788123124131
2,9788123433531
3,9788124453223
4,9788232452222
5,9788242141213
6,9788242345432
7,9788243214531
8,9788243234546
9,9788243234562
10,9788243243566
11,9788243245621
12,9788243324531
13,9788243432345
14,9788243433531
15,9788245335872
16,9788342553531
17,9788345645731
18,9788423454331
19,9788523645731
20,9788674345731
21,9788804325645
22,9788804612331
23,9788804612841
24,9788804637493
25,9788804645731
26,9788804664994
27,9788804665298
28,9788804666851
29,9788804668169
30,9788804668237
31,9788804670520
32,9788804671619
33,9788804676379
34,9788804679387
35,9788804688846
36,9788804707035
37,9788804710318
38,9788804717638
39,9788804721871
40,9788804726685
41,9788804727880
42,9788804730422
43,9788806219222
44,9788806219369
45,9788806240363
46,9788807883774
47,9788807884894
48,9788807900716
49,9788807923333
50,9788817149228
51,9788820067748
52,9788820068288
53,9788822345623
54,9788822719713
55,9788823521216
56,9788830100824
57,9788830104716
58,9788831003384
59,9788834738887
60,9788834738955
61,9788834739679
62,9788838929106
63,9788842819813
64,9788845268342
65,9788845272400
66,9788845293894
67,9788845296499
68,9788845298752
69,9788845932984
70,9788850254811
71,9788851180751
72,9788856634631
73,9788856656572
74,9788856674347
75,9788857016610
76,9788858027561
77,9788864200243
78,9788864200330
79,9788864200343
80,9788864200415
81,9788864200439
82,9788864678415
83,9788865932773
84,9788867224012
85,9788867224555
86,9788867224937
87,9788867225088
88,9788868360818
89,9788868365622
90,9788869662584
91,9788874526758
92,9788880334392
93,9788881232342
94,9788891282124
95,9788891286324
96,9788891286840
97,9788893517140
98,9788893814515
99,9788893814522
100,9788893814539
101,9788893814546
102,9788893814553
103,9788893814560
104,9788898947577
